%例题1_7代码
A=[2 7 6;9 0 5;3 0.5 6];
B=[8 7 0;3 2 5;4 -1 7];
A==B  %两个相同大小的数组进行比较
